6.00
6.08
6.16
6.24
6.32
6.40
6.48
6.56
6.64
6.72
6.80
6.88
6.96
7.04
7.12
7.20
7.28
7.36
7.44
7.52
7.60
7.68
7.76
7.84
7.92
8.00
8.24
8.49
8.73
8.98
9.22
9.47
9.71
9.95
10.21
10.46
10.71
10.97
11.22
11.47
11.73
11.98
12.10
12.22
12.33
12.44
12.55
12.66
12.78
12.89
13.00
13.00
12.89
12.78
12.66
12.55
12.44
12.33
12.22
12.10
11.98
11.73
11.47
11.22
10.97
10.71
10.46
10.21
9.95
9.71
9.47
9.22
8.98
8.73
8.49
8.24
8.00
7.92
7.84
7.76
7.68
7.60
7.52
7.44
7.36
7.28
7.20
7.12
7.04
6.96
6.88
6.80
6.72
6.64
6.56
6.48
6.40
6.32
6.24
6.16
6.08
6.00
