20.00
20.01
20.04
20.14
20.32
20.60
21.00
21.54
22.22
23.06
24.05
25.21
26.53
28.00
29.64
31.42
33.34
35.39
37.56
39.84
42.22
44.68
47.20
49.77
52.38
55.00
57.62
60.23
62.80
65.32
67.78
70.16
72.44
74.61
76.66
78.58
80.36
82.00
83.47
84.79
85.95
86.94
87.78
88.46
89.00
89.40
89.68
89.86
89.96
89.99
90.00
90.00
89.99
89.96
89.86
89.68
89.40
89.00
88.46
87.78
86.94
85.95
84.79
83.47
82.00
80.36
78.58
76.66
74.61
72.44
70.16
67.78
65.32
62.80
60.23
57.62
55.00
52.38
49.77
47.20
44.68
42.22
39.84
37.56
35.39
33.34
31.42
29.64
28.00
26.53
25.21
24.05
23.06
22.22
21.54
21.00
20.60
20.32
20.14
20.04
20.01
20.00
